3.83
4.13
4.45
4.0
3.97
3.94
3.71
3.87
3.78
3.88
3.44
2.05
3.36
3.73
3.99
3.64
3.99
3.96
4.08
4.06
4.31
4.11
4.01
4.04
3.79
3.93
3.3
3.91
3.75
3.83
3.65
4.1
3.37
3.81
3.56
3.5
3.61
3.73
3.42
3.64
3.42
3.31
3.28
3.22
3.3
3.51
3.21
3.24
3.04
3.0
3.22
3.14
2.9
3.17
2.81
3.29
3.04
3.09
3.43
2.84
3.19
2.83
2.86
2.95
3.01
2.9
3.03
3.23
3.65
3.31
2.85
3.08
2.71
2.95
2.75
2.73
3.14
2.92
2.76
3.06
2.69
3.11
2.38
2.54
3.27
2.81
3.09
2.99
3.01
2.79
2.64
3.02
2.98
2.86
3.24
2.71
2.88
2.37
3.03
2.24
2.56
2.4
2.21
2.68
2.52
2.56
2.14
1.91
1.98
2.7
2.37
2.58
2.5
2.36
2.52
2.41
2.64
2.59
3.04
2.37
2.53
3.24
2.33
2.39
2.46
2.46
2.16
0.48
1.63
2.55
2.13
1.9
2.15
1.71
2.32
3.87
3.13
2.9
3.05
2.68
2.93
3.0
2.61
2.55
2.81
2.01
2.68
2.38
2.72
2.55
2.61
2.85
2.3
1.81
2.77
2.41
2.08
2.24
1.61
2.02
1.93
1.66
1.26
2.04
0.12
1.11
0.5
0.99
1.82
1.14
1.66
1.51
1.27
1.69
1.35
0.93
1.11
1.6
0.9
1.01
1.14
1.3
1.81
1.18
1.32
1.42
1.62
1.35
1.85
1.58
0.84
1.08
1.55
1.49
0.45
0.59
0.91
0.94
0.49
0.84
0.92
0.63
0.92
0.83
0.91
1.22
0.64
0.96
1.38
0.86
0.51
1.06
0.82
1.34
-0.65
-0.8
1.49
0.13
0.11
0.75
0.73
0.96
0.37
1.17
0.59
1.18
0.46
0.47
0.51
0.94
0.0599999999999
0.41
0.85
0.0499999999997
0.63
0.45
-0.0799999999999
1.09
0.61
1.02
0.0699999999997
0.45
-0.0900000000001
0.21
0.12
0.2
0.27
0.15
0.22
0.26
0.58
0.68
0.71
0.47
0.5
0.64
0.68
1.09
0.86
0.57
0.59
1.01
0.59
1.14
0.58
0.6
0.75
0.73
0.95
0.52
0.65
0.58
0.43
0.52
0.48
0.42
0.71
0.7
0.72
0.74
0.51
0.66
0.47
0.41
0.66
0.14
-0.0699999999997
0.22
-0.14
0.12
0.15
0.36
0.21
0.0
-0.28
0.11
0.21
0.45
0.38
0.54
0.27
0.81
0.39
0.18
0.5
0.53
0.49
0.11
0.44
0.25
-0.1
0.11
0.11
0.13
-0.28
0.26
0.18
0.54
0.65
-0.0500000000002
-0.41
-0.0700000000002
-0.0299999999997
-0.04
0.51
0.29
0.19
0.13
0.0499999999997
0.0
0.48
0.19
0.0900000000001
0.93
0.21
0.49
0.49
0.35
0.97
0.8
0.68
0.8
1.08
0.87
0.88
1.22
0.57
0.64
0.74
0.96
0.88
0.6
0.69
0.57
0.99
0.66
0.85
1.62
0.7
0.93
0.89
0.57
0.66
0.68
1.7
0.88
0.0699999999997
1.05
0.35
1.0
1.9
0.81
1.55
1.29
1.53
1.02
1.05
0.36
0.93
1.28
0.93
1.01
1.06
1.06
0.85
0.58
0.67
0.92
0.92
0.43
0.0499999999997
0.49
0.21
0.39
0.0900000000001
0.0100000000002
-0.35
0.55
0.24
0.18
0.0
-0.0599999999999
-0.0699999999997
1.08
0.34
-0.4
0.15
0.68
0.43
0.23
0.43
1.09
0.85
0.64
0.84
0.59
0.76
1.92
1.11
0.94
1.27
0.62
0.99
0.88
1.15
0.84
1.18
0.81
0.86
0.76
0.8
0.83
1.02
1.07
0.68
1.04
0.84
1.03
0.62
0.8
0.68
0.6
0.53
0.62
0.69
0.66
0.27
0.75
0.75
0.63
0.27
0.44
0.52
0.62
0.55
0.6
0.34
0.43
0.53
0.31
0.0799999999999
0.74
1.03
-0.0699999999997
0.4
0.0300000000002
0.92
-0.0999999999999
0.5
1.24
0.18
0.44
0.16
0.47
-0.02
0.8
0.76
0.6
1.07
0.19
0.26
0.28
0.22
1.4
-0.54
0.59
0.73
0.32
0.49
0.0
0.0799999999999
0.13
0.51
0.59
0.3
0.61
0.85
0.74
1.37
1.28
0.73
1.91
0.94
0.79
0.9
0.91
1.33
1.16
1.21
1.51
1.79
1.54
1.23
1.45
1.07
1.26
0.96
0.46
1.09
0.56
0.76
0.83
1.19
0.54
0.38
0.47
0.81
0.79
0.74
0.86
0.54
0.49
0.6
0.3
0.7
0.32
0.52
0.6
0.68
0.67
0.79
0.29
0.47
0.68
0.88
0.81
1.49
1.32
1.73
1.74
1.82
1.1
1.29
1.2
